-------------------------------------------
0
0
1.55287886591214
0.6326938292908643
0.7960411645544533
-1.2646942239689465
2.3018392403342367
1.11965458764358
1
0.003976945225219627
-0.3663242164029686
1.3628289164030127
-0.9240529082935811
1.6802638455688264
-3.1221359203068015
2
0.0420024405411668
1.0121669023077575
-1.4292454555931542
-1.1767724231645178
-3.3166326700638797
1.9380158164645451
3
-0.0745543320265765
-0.23670440381394892
-0.8409759550534184
0.1492762582105292
-3.5218803717265224
0.5993309324690619
1
0
-0.9645890222878591
-1.8674191775365967
1.9030561622849074
1
0.04980399398981634
-0.5560034844103192
-0.5740108826797461
2
-0.22377755533442445
-0.3314063724117994
-1.9539826770110005
3
1.4653704409112462
-1.8681263651901197
0.6264321284873813
4
5.167590942174129
2.514424413739077
-4.58125989251384
5
-3.42484859200562
3.0808203032256127
0.15168099145562824
-------------------------------------------
0
0
-0.43450425118041297
-1.4026920684661845
-0.9652765557046026
1.899557716426327
0.2661212934587756
-1.9397906755576217
1
-1.7758232414335764
-1.8929302132307517
-1.289402739901968
-1.3162430769515288
1.1163040029797937
-0.3827943108473254
2
-0.7540266367124803
2.022241598376122
0.6994837767370583
1.270856295320309
-1.9216046560696232
1.201115891939591
3
-1.443606104978871
3.469559134004524
0.5105970158161062
-0.5772150139441902
-2.6529933586407135
1.264214479939359
1
0
-1.1064399124332212
-0.06631643701149521
-1.0935846194731649
1
-2.2872553802964783
-2.335370895180275
3.4012713813536304
2
-0.8938399198395262
-1.7448229456916078
-0.6598829837373996
3
0.9487561279581426
2.0665723383213725
-1.739405597396539
4
3.645184387760218
-3.2077124598272837
-1.001094202893573
5
0.9093294475435684
-0.8582356246278874
-0.7733889036249632
-------------------------------------------
0
0
-0.1096819048620855
-1.1606982834429476
-2.744509698241358
0.7922104301154991
0.9296672223677783
-0.9627315357977984
1
-0.8899386071444252
-1.7137108102318968
-0.047951393490232364
1.2329294051755262
0.7151520563338486
1.9936565401741875
2
-0.8958396845710508
-1.4759086220195459
2.764576119371144
0.5045627045002548
-2.4721239275499394
-1.2344760213399253
3
1.3942690838626124
0.7041324380641281
2.7528727316523334
1.8311086458128827
-2.2725146433690786
-0.45132234341009025
1
0
1.0113057034686368
0.7859822394703297
-0.5396348841492277
1
0.2928531877040933
-1.601084683419718
-1.3093327982816
2
-3.4892819840521985
-2.665759952052501
2.922439439634358
3
-0.384064603444387
1.5930006493857594
-0.06164856965293859
4
2.673853169440673
-3.558659868291533
-1.3941671364510226
5
1.9986540424318695
0.6237583752196448
-0.21587736073500088
-------------------------------------------
0
0
1.5225309280878976
0.05614109630794354
2.0512336548197974
2.0090426213968864
-0.6700194117772307
-1.1338008792981737
1
0.10418746317712713
-1.3718358986975179
0.30165428048419407
-1.550852211155291
-0.29405148660207947
-1.1634215856417653
2
-3.825867939190061
-1.219468281358961
-1.949501880183949
0.3501593914630517
0.5342204214767142
1.9468368816463677
3
0.47556875966464074
-0.4454120435630313
-2.022849670467431
1.3224399148337815
-0.7880825293298362
1.3561404205257301
1
0
3.712469042695464
-3.3236378056702884
-1.4330643490292545
1
1.6605663442263388
0.4198028939311878
0.6387960578216365
2
-2.173438594266609
1.1327186524936517
-1.7153670477679377
3
0.08468303475520687
-0.86898413172097
0.36844441275322354
4
-1.233151567108083
1.187011003197896
-1.7242528085105384
5
-2.9629221361879483
-1.843347331991786
2.0345921403887397
-------------------------------------------
0
0
-0.6827266403004982
-1.9493100113879664
1.1430759370575365
1.3789723284915154
-2.0547013980329396
-0.5631939763018935
1
-1.0486893260226982
-1.5127616707248641
0.03990852745335285
-0.26138154492497256
1.5924802485947358
1.4958452249988017
2
2.255862347788758
2.8894062236454654
-1.6217839526892963
1.5705876599352728
-0.4636819267493532
0.7944933788731886
3
0.1347676510518158
2.9626042066824585
-1.7728567604153789
-1.307142693369099
1.8210784353818408
-1.0281997953749864
1
0
-0.622926351845727
2.453265137944058
-0.9633296718802786
1
-4.940787286234436
-1.6969868450576233
5.626869581675934
2
2.814586219993177
-0.5221400935795967
0.5705701165642528
3
0.5356047733624967
-2.5896844994715726
-1.562911015950871
4
-1.9357664214967925
-1.3313063853456129
0.4802766462844254
5
-0.3731047530970541
-0.3020690278662801
1.4437836042660648
-------------------------------------------
0
0
1.561586965714307
0.9665508238809616
-1.6877454055806977
-0.2808690958043865
0.5171633790041087
-0.3443234027074604
1
1.5381590801192782
1.9496816190758675
-1.9544293582370305
-1.7823771174386032
0.38201615537514044
-0.3752902848610978
2
-0.1675043539253797
-0.9343922401529229
2.4910920012152955
1.934196033381573
1.9259669904693197
0.9178662237846859
3
1.7400030005606997
-0.3651902892305844
2.330272211279193
1.736859562981067
-0.5065772358136575
1.7887375842316589
1
0
1.6040893705638997
-0.6757654093172394
0.08516272400970153
1
0.7193410347065091
-0.6345812723057925
-0.6883411522633719
2
-3.4696288658592005
-2.1965556569355322
3.856828405285727
3
-3.0600400258085156
3.341736816747847
1.0721698472124606
4
0.8861942955866128
-0.8691146432533563
-0.6677508655978135
5
-0.8088437592538311
-0.38854944637662314
-1.3845748568650413
-------------------------------------------
0
0
1.8784545441451275
-0.9964674425128913
0.37247888113215355
1.0639410004860173
1.0548727871426795
0.16716576851850035
1
0.5451661972919472
0.1203132153435069
1.190640176503145
-0.7094305896939098
1.9375816015365748
-1.7475305331637452
2
-0.8298977864942613
0.3427791771261572
-1.2622318330068167
1.4531342972772539
-1.7251226672292843
1.8295383705806796
3
1.324067915934956
-1.7669960724120732
-1.5202290514006933
-1.619498782057144
-2.9111588863496722
2.160204993636991
1
0
-0.46880928852861115
-0.6644854275865892
1.5259438361311588
1
-0.1575121154994958
-1.4740451650557174
1.7926849271143541
2
1.533632860836675
1.423556818394859
-1.594637733537857
3
0.8128533861224516
-1.271515341563359
-1.7452863475277045
4
1.6502105272796828
0.9052905642131186
-3.1658929743686723
5
-2.9735826177817897
2.709787315386433
1.139847157129019
-------------------------------------------
0
0
-0.9752338353105316
0.14465942413321844
-0.228775235454767
1.5888457948646189
-0.7560266024952368
-1.786796325679186
1
-2.431760512726643
1.762396025070513
1.7526150424689309
0.9893942662980378
-0.4492999249555743
-1.2593954050375895
2
2.047383162284524
0.4236424803825294
-2.57645778395234
1.888686432247412
-0.822496006651807
0.6940083335400892
3
4.385078589269763
1.3638024243108662
0.13526771854617212
-0.9398525115058938
-1.4971315916901533
1.8871973805341375
1
0
-10.092663834070867
-2.304431855101313
10.249159459438845
1
-0.9823973680002803
1.247963010846482
-1.8589099731636936
2
1.705857737024065
-3.6388060025803015
-0.6275949065273442
3
1.7273455407125076
-0.8584765084112232
-3.5637006985411745
4
0.3198885486376208
1.730276256129014
0.006907881871309726
5
-1.1289385352827908
-1.3571481891376063
0.6242276261923051
-------------------------------------------
0
0
-1.4246558005484418
-0.8566749242285917
2.7912053533298957
0.4002367406432245
1.2255343254071422
1.5894787142355502
1
-0.6802947629647362
-1.267836754382638
1.266082533783467
1.2246511344032303
-0.9289145969763023
0.8036412397741417
2
-1.403858983806812
3.3665560856386008
-4.313292259975131
0.5340044969740771
0.7354284600916935
0.9983046826556747
3
-1.0161421501642403
-0.3867171248520913
-0.959487200210213
-0.05818732179034255
1.0508228917420444
0.7356819036847685
1
0
-0.5102026921192325
-0.06777119494610284
0.39250888844808957
1
-4.412383533470562
3.1097657538277126
0.3873198719567231
2
1.3090617651441296
2.2196269133837028
-4.0216623417433714
3
1.02130068432423
-1.358578389266716
-0.2999249373557786
4
1.2562457725761904
-1.652828345604516
0.3662182719768319
5
0.6379578986610402
0.034310503171341517
0.7012025557417203
-------------------------------------------
0
0
-0.5956101566344766
-2.065185379608164
0.20743798533361113
1.290847631321935
0.4882746548272842
1.2386403031296136
1
-1.3137590572972868
-1.4054944657518706
-1.231004555537629
-1.925916041633427
1.686718360577046
0.6019136429883422
2
0.7992424707770321
2.596634874971121
-1.2181631064275154
0.2690277714643636
-2.9535219360733094
0.5697023410455464
3
-0.4593138617008006
3.2087584719572266
-0.9655295114863045
1.5814075944625072
0.5234174683753204
1.0764867417617732
1
0
0.4143714338152402
1.1955354674066816
1.1030428177610763
1
-3.740570415983678
-2.5159398644140083
3.66622550882267
2
-0.9583480209927383
1.419393922516809
-0.18649663381654805
3
-1.2404180362699422
1.1460856292938892
-1.3547545333372626
4
3.5053987307567116
-2.703428410254675
-2.2892153510986644
5
-1.8342566348837483
0.849955729108526
0.9779181036542128
-------------------------------------------
0
0
-7.078400976943683
10.008826493110144
-1.4910629153293933
-1.0554854801488534
-0.9653351631061844
1.306258773140433
1
-15.288153104613865
-5.921628876897917
-1.5206811330826733
-0.27565357195493184
-0.5226748492270819
0.21511315268504064
2
18.14125774834513
-9.208111429953608
4.073666383395608
0.023297702716585426
-0.8794217849075445
0.6461330147251788
3
13.353348830196872
-4.944851993917114
2.642629514389611
0.2905974181389441
1.107705124082802
-0.07843149750322717
1
0
-2.115673030008259
-6.21274178878641
7.143903432695184
1
0.4791027060404786
5.27360567604723
-6.579301556977013
2
-9.762052623140072
11.611540583752186
1.0971098801398533
3
1.0254024202667809
-0.19529341537165615
0.1822691546454352
4
-0.6375659286298514
0.7040817347196875
0.508741117281964
5
1.8393788055822125
-4.6254916200869545
-2.5511040943708685
